0.621666 0.358277 0.020058 
0.390542 0.583907 0.025551 
0.822225 0.165431 0.012343 
0.307534 0.663143 0.029323 
0.019487 0.965096 0.015417 
0.074607 0.905593 0.019800 
0.136792 0.841976 0.021232 
0.236358 0.740402 0.023240 
0.886766 0.105857 0.007377 
0.969227 0.028324 0.002449 
0.987627 0.011275 0.001098 
0.718476 0.266487 0.015037 
0.971426 0.026279 0.002295 
0.988007 0.010866 0.001127 
0.981292 0.017013 0.001694 
0.811337 0.177231 0.011432 
0.565764 0.414306 0.019930 
0.586134 0.395068 0.018798 
0.927987 0.066640 0.005373 
0.998331 0.001384 0.000285 
0.977840 0.017350 0.004810 
0.979213 0.016310 0.004477 
0.963354 0.028114 0.008532 
0.989796 0.008166 0.002039 
0.999496 0.000424 0.000080 
0.048991 0.934248 0.016761 
0.000816 0.043435 0.955749 
0.000260 0.010088 0.989652 
0.000234 0.009878 0.989888 
0.000172 0.006257 0.993571 
0.000108 0.004530 0.995363 
0.000417 0.011028 0.988555 
0.000866 0.023297 0.975836 
0.000792 0.022861 0.976347 
0.000451 0.013740 0.985809 
0.000415 0.014553 0.985032 
0.000310 0.012580 0.987110 
0.000332 0.013678 0.985990 
0.000323 0.008751 0.990926 
0.000728 0.025126 0.974146 
0.000266 0.997789 0.001945 
0.000881 0.044178 0.954941 
0.001108 0.064383 0.934509 
0.001057 0.051151 0.947792 
0.000831 0.042468 0.956700 
0.000922 0.045251 0.953827 
0.000674 0.013237 0.986089 
0.000605 0.012086 0.987309 
0.000067 0.001971 0.997962 
0.000098 0.002765 0.997137 
0.000003 0.000126 0.999871 
0.000669 0.997952 0.001379 
0.000690 0.997918 0.001392 
0.000745 0.997751 0.001503 
0.001111 0.996643 0.002246 
0.001329 0.996142 0.002529 
0.001392 0.995959 0.002649 
0.000216 0.998332 0.001452 
0.000434 0.009826 0.989740 
0.000428 0.009643 0.989929 
0.000153 0.004111 0.995736 
0.000100 0.002821 0.997079 
0.000007 0.000298 0.999695 
0.000077 0.004497 0.995426 
0.002679 0.359057 0.638263 
0.002394 0.254106 0.743500 
0.001177 0.096332 0.902491 
0.000080 0.999201 0.000719 
0.000075 0.999267 0.000658 
0.000848 0.061320 0.937832 
0.000585 0.962579 0.036836 
0.000690 0.950948 0.048361 
0.000039 0.001228 0.998733 
0.000585 0.962220 0.037195 
0.000486 0.971936 0.027578 
0.000402 0.979382 0.020216 
0.000023 0.001536 0.998441 
0.000021 0.000823 0.999156 
0.001168 0.020283 0.978549 
0.000028 0.000976 0.998996 
0.000005 0.000242 0.999752 
0.000878 0.918279 0.080843 
0.001276 0.801122 0.197601 
0.000012 0.000447 0.999541 
0.001991 0.287992 0.710017 
0.035685 0.950271 0.014045 
0.024893 0.963567 0.011540 
0.354109 0.618406 0.027485 
0.325497 0.646444 0.028059 
0.317813 0.653628 0.028559 
0.318071 0.651338 0.030591 
0.187333 0.784198 0.028469 
0.009234 0.979687 0.011079 
0.009488 0.980003 0.010508 
0.000012 0.999910 0.000078 
0.000009 0.999934 0.000057 
0.000014 0.999897 0.000088 
0.000106 0.003547 0.996347 
0.000069 0.002887 0.997044 
0.000031 0.001051 0.998918 
0.000014 0.000531 0.999456 
0.000175 0.004452 0.995373 
0.000040 0.001440 0.998520 
0.000984 0.035474 0.963542 
0.013858 0.228135 0.758007 
0.084018 0.464287 0.451695 
0.153952 0.442656 0.403392 
0.188376 0.429731 0.381893 
0.202062 0.431588 0.366350 
0.202415 0.424964 0.372622 
0.189097 0.431836 0.379067 
0.156723 0.449327 0.393949 
0.095584 0.464432 0.439984 
0.044669 0.455984 0.499347 
0.029712 0.436617 0.533671 
0.013063 0.292244 0.694693 
0.002572 0.098102 0.899326 
0.001310 0.102166 0.896524 
0.000662 0.065792 0.933546 
0.000158 0.008923 0.990918 
0.000408 0.018916 0.980676 
0.002518 0.121430 0.876052 
0.003798 0.165510 0.830692 
0.002437 0.083643 0.913920 
0.002420 0.081873 0.915707 
0.000572 0.016715 0.982713 
0.000186 0.005389 0.994424 
0.000046 0.001470 0.998484 
0.000048 0.001417 0.998535 
0.000000 0.000003 0.999997 
0.000000 0.000006 0.999993 
0.000004 0.000281 0.999715 
0.000001 0.000043 0.999956 
0.000024 0.001659 0.998317 
0.000006 0.000335 0.999660 
0.000037 0.002888 0.997075 
0.000517 0.056726 0.942758 
0.001967 0.179393 0.818640 
0.003466 0.207200 0.789334 
0.003471 0.251906 0.744623 
0.002464 0.179784 0.817752 
0.002286 0.150766 0.846948 
0.000937 0.060109 0.938954 
0.000468 0.042984 0.956547 
0.000039 0.999391 0.000570 
0.199273 0.772044 0.028683 
0.353840 0.622847 0.023313 
0.639307 0.342427 0.018266 
0.972569 0.025122 0.002309 
0.976579 0.021406 0.002014 
0.496844 0.481354 0.021803 
0.039407 0.947526 0.013068 
0.298974 0.676201 0.024824 
0.147078 0.830401 0.022521 
0.007031 0.986771 0.006198 
0.001550 0.995498 0.002952 
0.000600 0.997139 0.002261 
0.001710 0.968245 0.030046 
0.000122 0.005596 0.994282 
0.000014 0.000767 0.999219 
0.000003 0.000167 0.999830 
0.002727 0.796112 0.201161 
0.002843 0.756115 0.241042 
0.000344 0.998543 0.001113 
0.002075 0.884979 0.112946 
0.002905 0.730164 0.266931 
0.000421 0.998223 0.001356 
0.003084 0.810869 0.186047 
0.003900 0.580238 0.415861 
0.003899 0.767828 0.228273 
0.004018 0.768182 0.227800 
0.004408 0.626766 0.368826 
0.004413 0.712405 0.283182 
0.003789 0.690044 0.306167 
0.000007 0.000370 0.999624 
0.000004 0.000216 0.999780 
0.000000 0.000006 0.999994 
0.001276 0.208444 0.790280 
0.001660 0.405889 0.592451 
0.000552 0.998296 0.001151 
0.000486 0.998517 0.000997 
0.001005 0.997363 0.001632 
0.001205 0.996949 0.001846 
0.001068 0.997184 0.001748 
0.000063 0.998739 0.001198 
0.000113 0.011003 0.988884 
0.000977 0.213105 0.785918 
0.001392 0.962035 0.036574 
0.001780 0.956685 0.041535 
0.000950 0.986095 0.012955 
0.000919 0.985999 0.013081 
0.001072 0.986370 0.012558 
0.000951 0.990246 0.008803 
0.003289 0.367204 0.629507 
0.007310 0.982294 0.010395 
0.004832 0.987937 0.007232 
0.001580 0.984908 0.013511 
0.001616 0.985660 0.012724 
0.001165 0.986547 0.012288 
0.003418 0.991829 0.004753 
0.000000 0.999997 0.000002 
0.000180 0.994742 0.005078 
0.000017 0.000661 0.999322 
0.000001 0.000060 0.999939 
0.002017 0.572898 0.425085 
0.002332 0.742877 0.254792 
0.000047 0.999620 0.000334 
0.000107 0.999212 0.000680 
0.000122 0.999169 0.000708 
0.000014 0.999912 0.000074 
0.000974 0.917339 0.081687 
0.000676 0.960860 0.038464 
0.001396 0.779043 0.219561 
0.000375 0.052049 0.947575 
0.000295 0.039075 0.960630 
0.000137 0.014613 0.985250 
0.000010 0.000652 0.999337 
0.000003 0.000171 0.999826 
0.000006 0.000283 0.999711 
0.000985 0.997178 0.001837 
0.002301 0.953177 0.044522 
0.002876 0.943269 0.053855 
0.001769 0.977667 0.020565 
0.001741 0.977676 0.020584 
0.001540 0.980522 0.017937 
0.002924 0.368712 0.628364 
0.000025 0.001551 0.998424 
0.000009 0.000398 0.999593 
0.000015 0.000682 0.999302 
0.000012 0.000644 0.999344 
0.000091 0.003068 0.996841 
0.000014 0.000555 0.999432 
0.000026 0.000963 0.999012 
0.000029 0.001054 0.998917 
0.000005 0.000208 0.999787 
0.000009 0.000483 0.999508 
0.000006 0.000415 0.999579 
0.000000 0.000019 0.999980 
0.027847 0.959367 0.012785 
0.034814 0.951569 0.013617 
0.051919 0.931766 0.016315 
0.769152 0.217247 0.013601 
0.788020 0.197858 0.014122 
0.802846 0.183801 0.013352 
0.096221 0.875253 0.028526 
0.000914 0.996879 0.002207 
0.000631 0.997833 0.001536 
0.000132 0.998862 0.001007 
0.001519 0.258198 0.740284 
0.000032 0.999847 0.000121 
0.000040 0.999816 0.000143 
0.000044 0.999802 0.000154 
0.000037 0.999831 0.000132 
0.001054 0.996817 0.002129 
0.000147 0.998813 0.001040 
0.000262 0.992403 0.007335 
0.001790 0.224535 0.773675 
0.002808 0.540149 0.457042 
0.003073 0.926302 0.070626 
0.001002 0.981663 0.017335 
0.123558 0.854049 0.022392 
0.155226 0.819605 0.025169 
0.425329 0.550424 0.024247 
0.404807 0.569622 0.025570 
0.105405 0.873027 0.021568 
0.066393 0.915445 0.018161 
0.001624 0.148508 0.849868 
0.001019 0.101943 0.897038 
0.003989 0.837001 0.159010 
0.001028 0.088927 0.910046 
0.001556 0.173869 0.824575 
0.000843 0.082605 0.916552 
0.000461 0.030101 0.969438 
0.000493 0.034761 0.964746 
0.000009 0.000398 0.999593 
0.000002 0.000112 0.999886 
0.000020 0.999718 0.000262 
0.000066 0.998989 0.000945 
0.000113 0.998201 0.001686 
0.000076 0.998908 0.001016 
0.000079 0.998856 0.001066 
0.000086 0.998615 0.001299 
0.000097 0.998578 0.001325 
0.000550 0.081128 0.918323 
0.000682 0.110132 0.889186 
0.000354 0.998821 0.000825 
0.000308 0.998936 0.000756 
0.012030 0.955176 0.032794 
0.317987 0.371160 0.310853 
0.306487 0.373566 0.319947 
0.304996 0.373742 0.321263 
0.304108 0.373844 0.322048 
0.290279 0.373985 0.335736 
0.288616 0.374088 0.337296 
0.000001 0.000039 0.999960 
0.994460 0.004969 0.000572 
0.999393 0.000513 0.000094 
0.999357 0.000543 0.000100 
0.997680 0.001927 0.000394 
0.996933 0.002529 0.000538 
0.996426 0.002941 0.000633 
0.991336 0.007679 0.000985 
0.000210 0.995671 0.004119 
0.001517 0.927288 0.071195 
0.002804 0.619454 0.377742 
0.999999 0.000001 0.000000 
0.999988 0.000011 0.000002 
0.993345 0.005415 0.001240 
0.993922 0.004952 0.001126 
0.992477 0.006102 0.001421 
0.993037 0.005672 0.001291 
0.997472 0.002156 0.000372 
0.963011 0.033060 0.003929 
0.043615 0.913732 0.042653 
0.000446 0.026389 0.973165 
0.000362 0.019332 0.980306 
0.000104 0.006930 0.992965 
0.001113 0.217726 0.781161 
0.002124 0.974338 0.023538 
0.000080 0.998963 0.000956 
0.000108 0.998597 0.001294 
0.000104 0.998723 0.001173 
0.000104 0.999418 0.000478 
0.000166 0.999219 0.000616 
0.000130 0.999387 0.000483 
0.000434 0.062562 0.937004 
0.000259 0.032317 0.967424 
0.000847 0.167957 0.831196 
0.000456 0.069604 0.929940 
0.000254 0.031938 0.967808 
0.000468 0.064062 0.935471 
0.000879 0.160844 0.838277 
0.000355 0.049721 0.949924 
0.000114 0.011244 0.988641 
0.000006 0.000364 0.999630 
0.000041 0.003384 0.996575 
0.000006 0.000380 0.999614 
0.000001 0.000034 0.999966 
0.000000 0.000002 0.999998 
0.000446 0.027493 0.972061 
0.001072 0.996157 0.002771 
0.059133 0.921064 0.019804 
0.795592 0.191723 0.012685 
0.998106 0.001592 0.000302 
0.996090 0.003233 0.000677 
0.995113 0.004027 0.000860 
0.996023 0.003310 0.000667 
0.996643 0.002901 0.000455 
0.180323 0.791172 0.028505 
0.001480 0.170743 0.827777 
0.001076 0.104930 0.893995 
0.000030 0.000991 0.998979 
0.000016 0.000537 0.999447 
0.001609 0.196219 0.802172 
0.002537 0.435246 0.562216 
0.002715 0.511395 0.485890 
0.002201 0.215841 0.781958 
0.003325 0.742489 0.254187 
0.002365 0.916539 0.081096 
0.001883 0.411418 0.586699 
0.000054 0.002331 0.997615 
0.000089 0.007634 0.992277 
0.000026 0.001684 0.998290 
0.000039 0.002768 0.997193 
0.000000 0.000004 0.999996 
0.000000 0.000013 0.999987 
0.000016 0.001233 0.998750 
0.000026 0.002077 0.997897 
0.000001 0.000077 0.999922 
0.000006 0.000443 0.999550 
0.000000 0.000010 0.999990 
0.000021 0.001647 0.998332 
0.000395 0.054945 0.944660 
0.000601 0.088043 0.911356 
0.937629 0.057852 0.004519 
0.972925 0.021029 0.006047 
0.967033 0.025403 0.007564 
0.943984 0.042116 0.013899 
0.922616 0.057141 0.020242 
0.913602 0.063362 0.023036 
0.952759 0.035978 0.011263 
0.384152 0.561128 0.054720 
0.006734 0.560319 0.432947 
0.000325 0.011249 0.988426 
0.000028 0.000956 0.999017 
0.000001 0.000073 0.999926 
0.000001 0.000080 0.999919 
0.000146 0.007454 0.992400 
0.000112 0.005652 0.994236 
0.000348 0.026408 0.973244 
0.000127 0.006047 0.993827 
0.000760 0.055510 0.943730 
0.000226 0.009447 0.990327 
0.000371 0.016598 0.983031 
0.001180 0.886823 0.111996 
0.001081 0.916773 0.082146 
0.001266 0.879195 0.119539 
0.001132 0.897115 0.101753 
0.001473 0.780966 0.217561 
0.000039 0.001343 0.998619 
0.000000 0.000020 0.999980 
0.000009 0.000323 0.999668 
0.000000 0.000019 0.999980 
0.000002 0.000093 0.999905 
0.000001 0.000049 0.999950 
0.000000 0.000021 0.999979 
0.000007 0.000480 0.999513 
0.000001 0.000030 0.999969 
0.000000 0.000013 0.999986 
0.000000 0.000003 0.999997 
0.000000 0.000008 0.999992 
0.000001 0.000046 0.999953 
0.000029 0.000926 0.999045 
0.000073 0.002043 0.997884 
0.000002 0.000065 0.999933 
0.000001 0.000036 0.999963 
0.000003 0.000157 0.999840 
0.000010 0.000688 0.999302 
0.000002 0.000094 0.999904 
0.000000 0.000004 0.999996 
0.000002 0.000150 0.999847 
0.000001 0.000081 0.999918 
0.000000 0.000006 0.999993 
0.000054 0.001563 0.998383 
0.000025 0.000789 0.999186 
0.000028 0.000874 0.999098 
0.000123 0.003191 0.996686 
0.000016 0.000522 0.999463 
0.000032 0.000992 0.998976 
0.000106 0.002802 0.997092 
0.000108 0.002860 0.997031 
0.000021 0.000681 0.999298 
0.000135 0.003446 0.996420 
0.000014 0.000455 0.999531 
0.000027 0.000855 0.999118 
0.000138 0.003520 0.996343 
0.000094 0.002537 0.997369 
0.000072 0.002015 0.997913 
0.000086 0.002344 0.997571 
0.000001 0.000034 0.999965 
0.000121 0.003266 0.996613 
0.000043 0.001344 0.998613 
0.000017 0.000592 0.999390 
0.000026 0.000899 0.999075 
0.000933 0.171416 0.827651 
0.000047 0.003052 0.996901 
0.000913 0.173654 0.825433 
0.000002 0.000111 0.999887 
0.000004 0.000212 0.999784 
0.000000 0.000009 0.999991 
0.000003 0.000119 0.999878 
0.000000 0.000000 1.000000 
0.000015 0.000498 0.999487 
0.000078 0.002152 0.997770 
0.000115 0.003002 0.996883 
0.000161 0.004011 0.995828 
0.000006 0.000202 0.999792 
0.000007 0.000262 0.999730 
0.000061 0.001748 0.998191 
0.000004 0.000140 0.999856 
0.000043 0.001286 0.998671 
0.000019 0.000633 0.999348 
0.000022 0.000720 0.999258 
0.000011 0.000364 0.999625 
0.000175 0.004336 0.995489 
0.000042 0.001271 0.998686 
0.000021 0.000687 0.999291 
0.000004 0.000140 0.999856 
0.000024 0.000767 0.999209 
0.000003 0.000118 0.999879 
0.000000 0.000000 1.000000 
0.000000 0.000000 1.000000 
0.000000 0.000003 0.999997 
0.000001 0.000066 0.999933 
0.000000 0.000005 0.999995 
0.000000 0.000012 0.999988 
0.000010 0.000713 0.999277 
0.000000 0.000026 0.999973 
0.000000 0.000005 0.999995 
0.000001 0.000044 0.999955 
0.000475 0.021782 0.977743 
0.006970 0.180518 0.812512 
0.045905 0.466678 0.487417 
0.083383 0.451072 0.465545 
0.125640 0.445973 0.428386 
0.164769 0.433577 0.401654 
0.187149 0.421767 0.391084 
0.190961 0.423733 0.385307 
0.191605 0.424448 0.383948 
0.191523 0.424446 0.384031 
0.190887 0.426521 0.382592 
0.164262 0.437516 0.398222 
0.126089 0.455717 0.418193 
0.081661 0.464884 0.453455 
0.039812 0.426054 0.534134 
0.005032 0.091046 0.903922 
0.000366 0.010083 0.989551 
0.000024 0.000779 0.999197 
0.000006 0.000222 0.999772 
0.000007 0.000249 0.999744 
0.000014 0.000464 0.999522 
0.000007 0.000233 0.999760 
0.000071 0.001997 0.997931 
0.000117 0.003047 0.996836 
0.000029 0.000915 0.999056 
0.000023 0.000749 0.999227 
0.000003 0.000114 0.999883 
0.000002 0.000096 0.999903 
0.000001 0.000038 0.999961 
0.000000 0.000021 0.999978 
0.000007 0.000436 0.999557 
0.000021 0.001578 0.998401 
0.000155 0.016354 0.983491 
0.000870 0.156998 0.842133 
0.000426 0.054495 0.945078 
0.000128 0.010846 0.989026 
0.000047 0.002962 0.996991 
0.000157 0.013898 0.985944 
0.000112 0.008512 0.991376 
0.000168 0.014705 0.985126 
0.000000 0.000004 0.999996 
0.000003 0.000176 0.999821 
0.000001 0.000047 0.999952 
0.000003 0.000169 0.999829 
0.000011 0.000376 0.999613 
0.000106 0.002803 0.997091 
0.001566 0.714778 0.283656 
0.001568 0.722222 0.276210 
0.001886 0.683515 0.314599 
0.000045 0.003633 0.996322 
0.001900 0.671419 0.326681 
0.001898 0.672110 0.325992 
0.001595 0.831528 0.166877 
0.000102 0.002722 0.997176 
0.000076 0.002125 0.997799 
0.000000 0.000004 0.999995 
0.000004 0.000166 0.999830 
0.000000 0.000008 0.999992 
0.000002 0.000071 0.999927 
0.001299 0.833183 0.165518 
0.001028 0.901585 0.097386 
0.001137 0.880543 0.118320 
0.001429 0.809768 0.188803 
0.001465 0.781708 0.216827 
0.001481 0.751418 0.247101 
0.000054 0.001571 0.998375 
0.000066 0.001875 0.998059 
0.000076 0.002109 0.997815 
0.000159 0.003959 0.995882 
0.000063 0.001805 0.998132 
0.000065 0.001845 0.998090 
0.000102 0.002746 0.997152 
0.000060 0.001737 0.998203 
0.000005 0.000173 0.999823 
0.000007 0.000251 0.999742 
0.000058 0.001664 0.998279 
0.000145 0.003657 0.996198 
0.000022 0.000716 0.999261 
0.000125 0.003239 0.996636 
0.000009 0.000328 0.999663 
0.000016 0.000531 0.999454 
0.000055 0.001597 0.998348 
0.000036 0.001096 0.998868 
0.000007 0.000255 0.999738 
0.000057 0.001652 0.998290 
0.000010 0.000352 0.999638 
0.000001 0.000084 0.999915 
0.000019 0.001460 0.998521 
0.000105 0.010684 0.989211 
0.000081 0.007731 0.992188 
0.000076 0.007271 0.992653 
0.000456 0.067975 0.931569 
0.000033 0.002730 0.997237 
0.000004 0.000152 0.999844 
0.000000 0.000018 0.999982 
0.000063 0.001802 0.998135 
0.000015 0.000495 0.999491 
0.000000 0.000010 0.999989 
0.000001 0.000045 0.999953 
0.069153 0.910189 0.020658 
0.058247 0.923364 0.018390 
0.061526 0.919491 0.018983 
0.057471 0.924466 0.018063 
0.058057 0.923480 0.018463 
0.060128 0.921154 0.018718 
0.000004 0.000291 0.999704 
0.000000 0.000015 0.999985 
0.000000 0.000010 0.999990 
0.000000 0.000007 0.999993 
0.000000 0.000001 0.999999 
0.000026 0.000825 0.999149 
0.000027 0.000844 0.999129 
0.000139 0.003567 0.996294 
0.000176 0.004326 0.995497 
0.000222 0.005250 0.994528 
0.000046 0.001349 0.998606 
0.000006 0.000207 0.999787 
0.000021 0.000693 0.999285 
0.000013 0.000438 0.999549 
0.000005 0.000180 0.999815 
0.000012 0.000397 0.999591 
0.000004 0.000156 0.999839 
0.000001 0.000056 0.999943 
0.000164 0.004078 0.995758 
0.000145 0.003664 0.996191 
0.000049 0.001445 0.998506 
0.000046 0.001374 0.998580 
0.000003 0.000120 0.999877 
0.000054 0.001562 0.998385 
0.000053 0.001552 0.998394 
0.000043 0.001285 0.998672 
0.000033 0.001031 0.998936 
0.000057 0.001637 0.998306 
0.000000 0.000013 0.999987 
0.000077 0.002126 0.997797 
0.000127 0.003272 0.996601 
0.000022 0.000718 0.999259 
0.997954 0.001793 0.000253 
0.998330 0.001466 0.000203 
0.996046 0.003228 0.000725 
0.979010 0.016446 0.004544 
0.977193 0.017820 0.004988 
0.976802 0.018114 0.005084 
0.997051 0.002477 0.000472 
0.957235 0.038657 0.004108 
0.644857 0.329344 0.025798 
0.000001 0.000065 0.999934 
0.000026 0.002118 0.997856 
0.000000 0.000003 0.999997 
0.000002 0.000101 0.999898 
0.000008 0.000555 0.999437 
0.000004 0.000240 0.999756 
0.000013 0.000552 0.999435 
0.000026 0.001033 0.998941 
0.000050 0.001710 0.998241 
0.000032 0.001118 0.998850 
0.000006 0.000236 0.999758 
0.000002 0.000100 0.999897 
0.000000 0.000006 0.999994 
0.000009 0.000311 0.999680 
0.000023 0.000741 0.999237 
0.000006 0.000231 0.999763 
0.000092 0.002501 0.997408 
0.000005 0.000171 0.999825 
0.000014 0.000483 0.999503 
0.000030 0.002036 0.997934 
0.000044 0.002993 0.996963 
0.000087 0.007255 0.992658 
0.000030 0.001805 0.998166 
0.000078 0.006469 0.993453 
0.000033 0.002066 0.997901 
0.000043 0.001294 0.998663 
0.000001 0.000042 0.999957 
0.000000 0.000002 0.999998 
0.000000 0.000000 1.000000 
0.000012 0.000865 0.999123 
0.000001 0.000046 0.999953 
0.000001 0.000065 0.999934 
0.000000 0.000028 0.999972 
0.000000 0.000011 0.999988 
0.000000 0.000011 0.999989 
0.000050 0.004229 0.995720 
0.000000 0.000000 1.000000 
0.000004 0.000158 0.999838 
0.000011 0.000383 0.999606 
0.000000 0.000003 0.999997 
0.000000 0.000015 0.999984 
0.000000 0.000000 1.000000 
0.000000 0.000000 1.000000 
0.000000 0.000004 0.999996 
0.000003 0.000111 0.999887 
0.000024 0.000757 0.999219 
0.000017 0.000569 0.999414 
0.000008 0.000296 0.999695 
0.000030 0.000933 0.999037 
0.000012 0.000397 0.999592 
0.000040 0.001198 0.998762 
0.000097 0.002594 0.997310 
0.000002 0.000088 0.999911 
0.000004 0.000249 0.999747 
0.001680 0.574885 0.423435 
0.001600 0.746616 0.251784 
0.000802 0.959937 0.039261 
0.000696 0.969624 0.029680 
0.343460 0.629341 0.027199 
0.298302 0.678069 0.023629 
0.164329 0.814190 0.021481 
0.095253 0.886437 0.018309 
0.024126 0.965521 0.010353 
0.033313 0.954486 0.012201 
0.000390 0.993753 0.005857 
0.000864 0.919122 0.080014 
0.000873 0.917492 0.081636 
0.001411 0.714624 0.283965 
0.000856 0.920908 0.078236 
0.000901 0.913043 0.086056 
0.000000 0.000004 0.999996 
0.000046 0.004074 0.995880 
0.000000 0.000003 0.999997 
0.000000 0.000003 0.999997 
0.000002 0.000147 0.999851 
0.000002 0.000061 0.999937 
0.000065 0.001838 0.998097 
0.000000 0.000007 0.999993 
0.000003 0.000098 0.999899 
0.000002 0.000065 0.999933 
0.000000 0.000000 1.000000 
0.000009 0.000304 0.999687 
0.000001 0.000059 0.999940 
0.000000 0.000007 0.999993 
0.000005 0.000174 0.999822 
0.000002 0.000079 0.999919 
0.000008 0.000287 0.999705 
0.000010 0.000343 0.999647 
0.000060 0.003913 0.996027 
0.000034 0.001834 0.998132 
0.000063 0.002354 0.997583 
0.000033 0.001773 0.998193 
0.000016 0.000767 0.999216 
0.000014 0.000759 0.999227 
0.000000 0.000003 0.999997 
0.000000 0.000003 0.999997 
0.000002 0.000067 0.999931 
0.000011 0.000366 0.999623 
0.000015 0.000490 0.999495 
0.000013 0.000439 0.999548 
0.968492 0.024700 0.006808 
0.962411 0.029250 0.008338 
0.933471 0.050159 0.016371 
0.963948 0.027926 0.008126 
0.983691 0.014600 0.001709 
